0           stk:
^

8 11        stk: 0
^

(42 | 42 8) 11     stk: 0 8
 ^

((9 14 | 10 1) | 42 8) 11     stk: 0 8 42
  ^
  
(((14 27 | 1 26) 14 | 10 1) | 42 8) 11    stk: 0 8 42 9
   ^

((( "b" 27 | 1 26) 14 | 10 1) | 42 8) 11   stk: 0 8 42 9 14
     ^

((( "b" 27 | 1 26) 14 | 10 1) | 42 8) 11   stk: 0 8 42 9
        ^
        
((( "b" (1 6 | 14 18) | 1 26) 14 | 10 1) | 42 8) 11      stk: 0 8 42 9 27
         ^

((( "b" ("a" 6 | 14 18) | 1 26) 14 | 10 1) | 42 8) 11      stk: 0 8 42 9 27 1
          XXXX

((( "b" (14 18) | 1 26) 14 | 10 1) | 42 8) 11      stk: 0 8 42 9 27
         ^

((( "b" ("b" 18) | 1 26) 14 | 10 1) | 42 8) 11      stk: 0 8 42 9 27 14
          ^

((( "b" ("b" 18) | 1 26) 14 | 10 1) | 42 8) 11      stk: 0 8 42 9 27
             ^

((( "b" ("b" (15 15)) | 1 26) 14 | 10 1) | 42 8) 11      stk: 0 8 42 9 27 18
              ^

((( "b" ("b" ((1 | 14) 15)) | 1 26) 14 | 10 1) | 42 8) 11      stk: 0 8 42 9 27 18 15
               ^

((( "b" ("b" (("a" | 14) 15)) | 1 26) 14 | 10 1) | 42 8) 11      stk: 0 8 42 9 27 18 15 1
                ^

((( "b" ("b" ((_#1#_ | 14) 15)) | 1 26) 14 | 10 1) | 42 8) 11      stk: 0 8 42 9 27 18 15
                       ^
                     
((( "b" ("b" ((_#1#_ | "b") 15)) | 1 26) 14 | 10 1) | 42 8) 11      stk: 0 8 42 9 27 18 15 14
                       XXX

((( "b" ("b" ("a" 15)) | 1 26) 14 | 10 1) | 42 8) 11      stk: 0 8 42 9 27 18
                  ^

((( "b" ("b" ("a" (1 | 14))) | 1 26) 14 | 10 1) | 42 8) 11      stk: 0 8 42 9 27 18 15
                   ^

((( "b" ("b" ("a" ("a" | 14))) | 1 26) 14 | 10 1) | 42 8) 11      stk: 0 8 42 9 27 18 15 1
                   XXX

((( "b" ("b" ("a" (X | 14))) | 1 26) 14 | 10 1) | 42 8) 11      stk: 0 8 42 9 27 18 15
                       ^

((( "b" ("b" ("a" (X | "b"))) | 1 26) 14 | 10 1) | 42 8) 11      stk: 0 8 42 9 27 18 15 14
                        ^

((( _#4#_ | 1 26) 14 | 10 1) | 42 8) 11      stk: 0 8 42 9
            ^

((( _#4#_ | "a" 26) 14 | 10 1) | 42 8) 11      stk: 0 8 42 9 1
             XXXXX

(( "bbab" 14 | 10 1) | 42 8) 11      stk: 0 8 42
          ^

(( "bbab" "b" | 10 1) | 42 8) 11      stk: 0 8 42 14
           ^

(( _#5#_ | 10 1) | 42 8) 11      stk: 0 8 42
           ^

(( _#5#_ | (23 14 | 28 1) 1) | 42 8) 11      stk: 0 8 42 10
            ^

(( _#5#_ | ((25 1 | 22 14) 14 | 28 1) 1) | 42 8) 11      stk: 0 8 42 10 23
             ^

(( _#5#_ | (((1 1 | 1 14) 1 | 22 14) 14 | 28 1) 1) | 42 8) 11      stk: 0 8 42 10 23 25
              ^

(( _#5#_ | ((("a" 1 | 1 14) 1 | 22 14) 14 | 28 1) 1) | 42 8) 11      stk: 0 8 42 10 23 25 1
              XXXXX

(( _#5#_ | (((1 14) 1 | 22 14) 14 | 28 1) 1) | 42 8) 11      stk: 0 8 42 10 23 25
              ^

(( _#5#_ | ((("a" 14) 1 | 22 14) 14 | 28 1) 1) | 42 8) 11      stk: 0 8 42 10 23 25 1
              XXXXXXXXX

(( _#5#_ | ((22 14) 14 | 28 1) 1) | 42 8) 11      stk: 0 8 42 10 23 25
             ^

(( _#5#_ | (((14 14) 14) 14 | 28 1) 1) | 42 8) 11      stk: 0 8 42 10 23 25 22
              ^

(( _#5#_ | ((("b" 14) 14) 14 | 28 1) 1) | 42 8) 11      stk: 0 8 42 10 23 25 22 14
               ^

(( _#5#_ | ((("b" 14) 14) 14 | 28 1) 1) | 42 8) 11      stk: 0 8 42 10 23 25 22
                  ^

(( _#5#_ | ((("b" "b") 14) 14 | 28 1) 1) | 42 8) 11      stk: 0 8 42 10 23 25 22 14
                   ^

(( _#5#_ | ((("b" "b") 14) 14 | 28 1) 1) | 42 8) 11      stk: 0 8 42 10 23 25
                       ^

(( _#5#_ | ((("b" "b") "b") 14 | 28 1) 1) | 42 8) 11      stk: 0 8 42 10 23 25 14
            XXXXXXXXXXXXXXXXXX

(( _#5#_ | (28 1) 1) | 42 8) 11      stk: 0 8 42 10
            ^

(( _#5#_ | ((16 1) 1) 1) | 42 8) 11      stk: 0 8 42 10 28
             ^

(( _#5#_ | (((15 1 | 14 14) 1) 1) 1) | 42 8) 11      stk: 0 8 42 10 28 16
              ^

(( _#5#_ | ((((1 | 14) 1 | 14 14) 1) 1) 1) | 42 8) 11      stk: 0 8 42 10 28 16 15
               ^

(( _#5#_ | (((("a" | 14) 1 | 14 14) 1) 1) 1) | 42 8) 11      stk: 0 8 42 10 28 16 15 1
               XXX

(( _#5#_ | ((((14) 1 | 14 14) 1) 1) 1) | 42 8) 11      stk: 0 8 42 10 28 16 15
               ^

(( _#5#_ | (((("b") 1 | 14 14) 1) 1) 1) | 42 8) 11      stk: 0 8 42 10 28 16 15 14
                ^

(( _#5#_ | (((("b") 1 | 14 14) 1) 1) 1) | 42 8) 11      stk: 0 8 42 10 28 16
                    ^

(( _#5#_ | (((("b") "a" | 14 14) 1) 1) 1) | 42 8) 11      stk: 0 8 42 10 28 16 1
                    XXX

(( _#5#_ | (((14 14) 1) 1) 1) | 42 8) 11      stk: 0 8 42 10 28 16
              ^

(( _#5#_ | ((("b" 14) 1) 1) 1) | 42 8) 11      stk: 0 8 42 10 28 16 14
               ^

(( _#5#_ | ((("b" 14) 1) 1) 1) | 42 8) 11      stk: 0 8 42 10 28 16
                   ^

(( _#5#_ | ((("b" "b") 1) 1) 1) | 42 8) 11      stk: 0 8 42 10 28 16 14
                   ^

(( _#5#_ | ((("b" "b") 1) 1) 1) | 42 8) 11      stk: 0 8 42 10 28
                       ^

(( _#5#_ | ((("b" "b") "a") 1) 1) | 42 8) 11      stk: 0 8 42 10 28 1
                        ^

(( _#5#_ | ("bba" 1) 1) | 42 8) 11      stk: 0 8 42 10
                  ^

(( _#5#_ | ("bba" "a") 1) | 42 8) 11      stk: 0 8 42 10 1
           XXXXXXXXXXXXX

( "bbabb" | "bbabb" 8) 11      stk: 0 8

( "bbabb" | "bbabb" 8) 11      stk: 0 8
                    ^



             

bbabb b baabaabba

b babbbbaabaabba
